97
4
1
480.0
1200.0
4.5 4.2 4.4 4.6 4.4 4.3 4.2 4.6 4.6 4.1 4.2 4.5 4.4 3.9 4.1 4.3 4.3 4.2 3.9 4.1 3.9 4.0 4.4 3.7 3.8 4.2 4.4 4.2 4.0 4.1 4.1 3.9 4.2 4.3 4.1 4.2 4.3 4.2 3.9 4.1 4.2 4.2 4.0 4.1 4.2 4.2 4.1 4.2 4.3 3.8 3.7 4.2 4.8 4.0 3.9 4.2 4.0 3.9 4.3 4.3 4.3 4.7 4.1 4.2 4.1 4.2 4.5 4.1 3.9 4.1 3.7 4.3 4.2 3.9 4.1 3.9 4.1 4.3 4.3 3.9 4.0 4.1 3.5 4.1 4.1 4.1 4.0 3.8 3.9 3.8 4.7 3.8 4.8 3.9 3.9 4.0 4.7 
12000 6126 3421 2982 7775 3395 3015 674 969 727 3108 2205 2036 611 208 773 4626 1401 6959 1977 38 652 65 2639 1554 204 386 100 2303 342 17 520 325 724 1001 791 838 3472 2075 1842 151 74 2500 309 477 262 648 267 398 1614 722 284 504 94 71 1862 263 876 60 344 248 20 637 18 25 24 282 750 18 93 1653 1023 661 318 355 1013 196 379 170 182 308 249 40 317 34 282 334 569 565 267 46 124 212 160 763 41 99 
0 -1 -1 -1 -1 -1 -1 -1 -1 -1 -1 -1 -1 -1 -1 -1 -1 -1 -1 -1 -1 -1 -1 -1 -1 -1 -1 -1 -1 -1 -1 -1 -1 -1 -1 -1 -1 -1 -1 -1 -1 -1 -1 -1 -1 -1 -1 -1 -1 -1 -1 -1 -1 -1 -1 -1 -1 -1 -1 -1 -1 -1 -1 -1 -1 -1 1 -1 -1 -1 -1 -1 -1 -1 -1 -1 -1 -1 -1 -1 -1 -1 -1 -1 -1 -1 -1 -1 -1 -1 -1 -1 -1 -1 -1 -1 -1
-1 0 2414 6977 605 3896 634 5586 7047 2393 2199 3379 2855 262 2032 353 625 1091 3445 2481 2116 3284 2089 2106 1048 269 1833 76 2860 1109 419 1146 2107 2724 19972 242 348 3527 262 339 699 2120 2562 2770 805 226 2420 1811 2790 262 1106 2423 7066 746 261 2120 2760 2432 2862 3344 2873 5752 1611 1137 2688 2196 -1 637 1247 1764 2488 1992 2720 1239 450 2396 2025 2889 982 3664 29256 2435 1295 2759 851 22563 2436 3032 2562 3297 -1 3377 3936 2390 2339 2938 -1
-1 2305 0 8176 2533 3329 2415 6785 8246 423 1495 4361 1520 2461 1580 2576 2553 1606 1975 3420 3150 1814 1580 3140 2127 2386 1607 2387 1525 1652 2562 2528 1378 2270 20953 2232 2341 2960 2461 2507 2479 454 562 2237 2276 2402 3402 2610 3990 2457 2489 485 8266 2284 2378 454 1426 3371 2190 4326 3855 6952 1519 2520 2016 1472 -1 2291 2553 2563 3470 2990 1385 2290 2402 3378 1079 2322 2062 1962 28705 2713 2879 1263 2148 23545 480 1562 562 1827 -1 4358 4934 497 584 1468 -1
-1 6952 8093 0 7300 9574 7345 1426 70 8071 7877 8293 8766 7122 8084 7136 7320 7025 9345 7353 7083 9184 8141 7072 6650 7120 8117 6872 8771 7056 7160 7287 7785 8403 24886 6934 7153 9205 7122 6708 7347 7798 8209 8569 7199 7036 7335 7273 4422 7122 7326 8116 90 7529 7112 7799 8671 7304 8459 8259 7788 1228 7410 7279 8339 7874 -1 7420 5787 7226 7402 6614 8631 7465 7255 7311 7588 8567 6657 9247 34935 8085 6673 8438 7656 27478 8154 8932 8209 9197 -1 8291 8558 8171 8128 8837 -1
-1 687 2506 7363 0 4287 327 5972 7433 2214 2593 3457 2537 640 1575 483 10 1225 3127 2255 1897 2966 1633 1886 1463 521 1376 545 2542 1084 270 711 2515 3058 20050 777 619 3918 640 696 150 2345 2244 2870 984 743 2589 1989 3177 636 671 2105 7453 562 642 2345 2442 2206 2962 3423 2952 6139 1681 702 2788 2590 -1 451 1633 1942 2440 2233 2402 720 513 2349 1752 3094 1379 3346 29647 2535 1133 3023 700 22642 2117 2714 2244 2979 -1 3455 4026 2072 2021 2619 -1
-1 3802 3217 9674 4314 0 4196 8283 9744 3258 2438 5858 3591 3883 3794 4034 4334 3218 3752 4918 4648 3644 3851 4637 3625 3884 3824 3885 3586 3249 4177 4536 2388 1877 20975 3729 3952 894 3883 4005 4260 2987 3396 2785 3781 3803 4899 4132 5487 3883 4496 3319 9763 3905 3876 2987 3609 4869 2211 5824 5352 8449 3238 4527 2167 2435 -1 3903 4050 4070 4967 4488 3569 4297 4013 4876 3298 2110 3559 3604 29162 3820 4436 2641 3769 25043 3145 3540 3396 3640 -1 5856 6432 3125 3419 3446 -1
-1 721 2489 7360 118 4262 0 5970 7431 2197 2568 3410 2520 615 1528 521 138 1200 3110 2207 1849 2949 1585 1838 1438 561 1329 599 2525 1059 345 663 2490 3033 20002 817 594 3893 615 750 64 2320 2227 2845 959 718 2541 1964 3174 611 623 2088 7450 537 704 2320 2425 2158 2937 3375 2904 6136 1656 654 2763 2566 -1 427 1687 1917 2393 2185 2385 672 488 2301 1735 3069 1354 3329 29623 2510 1085 3006 675 22594 2100 2697 2227 2962 -1 3407 3978 2055 2004 2602 -1
-1 5526 6667 1391 5874 8148 5919 0 1461 6645 6451 6867 7340 5696 6658 5710 5894 5599 7919 5927 5657 7758 6715 5646 5224 5694 6691 5447 7345 5630 5734 5861 6359 6977 23460 5508 5727 7779 5696 5282 5921 6373 6783 7143 5773 5610 5909 5847 2996 5696 5900 6690 1481 6103 5686 6373 7245 5878 7033 6833 6362 166 5984 5853 6914 6448 -1 5994 4361 5800 5977 5188 7205 6039 5829 5885 6162 7141 5231 7821 33509 6659 5247 7012 6230 26052 6728 7506 6783 7771 -1 6865 7132 6745 6703 7411 -1
-1 7022 8163 71 7371 9645 7416 1497 0 8142 7948 8364 8837 7193 8155 7207 7391 7096 9416 7424 7154 9255 8212 7143 6721 7190 8188 6943 8842 7127 7230 7358 7856 8473 24957 7005 7224 9276 7193 6778 7418 7869 8280 8640 7270 7107 7405 7344 4492 7193 7396 8187 43 7600 7182 7869 8742 7375 8529 8329 7858 1299 7480 7350 8410 7945 -1 7490 5858 7297 7473 6685 8702 7536 7325 7382 7659 8638 6727 9318 35005 8156 6744 8508 7726 27549 8225 9003 8280 9268 -1 8362 8629 8242 8199 8908 -1
-1 2318 467 8189 2222 3355 2104 6798 8259 0 1617 4374 1156 2321 1299 2360 2242 1619 1670 3433 3163 1509 1356 3152 2140 2404 1329 2523 1161 1664 2251 2217 1453 2278 20966 2245 2314 2986 2321 2678 2168 571 240 2202 2289 2444 3415 2623 4003 2317 2178 225 8279 1938 2396 571 1061 3384 2181 4339 3868 6964 1532 2209 2007 1660 -1 2109 2566 2576 3483 3003 1021 1979 2261 3391 921 2313 2075 1807 28730 2697 2568 1288 1882 23558 222 1257 240 1522 -1 4371 4947 201 325 1163 -1
-1 2103 1511 7974 2593 2489 2475 6583 8044 1602 0 4158 2362 2183 2094 2335 2613 1518 2481 3218 2948 2373 2151 2937 2061 2184 2124 2185 2367 1549 2563 2836 108 1048 20751 2030 2276 2120 2183 2305 2539 1173 1741 1235 1837 2103 3200 1908 3787 2183 2797 1664 8064 2210 2176 1174 2268 3169 1040 4124 3653 6749 1539 2828 865 0 -1 2177 2351 1861 3267 2788 2227 2598 2284 3176 1598 1171 1860 2333 27850 1916 2736 1137 2069 23343 1479 2269 1741 2369 -1 4156 4732 1496 1763 2175 -1
-1 3361 4381 8266 3432 5862 3656 6875 8336 4359 4165 0 5054 3441 4392 3617 3452 3313 5633 2208 2507 5472 4450 2497 3183 3442 4193 3356 5059 3345 3527 3460 4073 4691 18751 3288 3461 5493 3441 3183 3423 4087 4498 4858 3357 3361 1628 4182 4080 3441 3356 4405 8356 3769 3434 4087 4959 2215 4747 75 1453 7041 3698 3475 4628 4163 -1 3658 3037 4135 2170 2963 4919 3541 3532 2131 3877 4855 3118 5535 31223 4497 2744 4726 3744 21343 4442 5220 4498 5485 -1 2 4420 4459 4417 5125 -1
-1 2808 1489 8776 2521 3658 2403 7385 8846 1200 2338 4961 0 2619 1088 2658 2541 2019 908 3989 3540 766 1088 3529 2727 2703 1115 2822 5 2040 2550 2337 2221 2871 21553 2842 2612 3289 2619 2977 2467 1532 1230 2970 2689 2743 4002 3121 4590 2616 2297 1092 8866 2236 2695 1532 335 3940 2949 4926 4455 7552 2069 2328 2775 2316 -1 2408 3153 3074 4174 3590 377 2063 2560 4083 1315 3081 2662 1261 29034 3415 2867 1692 2181 24145 1183 445 1230 760 -1 4959 5534 1105 1007 900 -1
-1 188 2394 7084 559 3875 502 5693 7154 2373 2179 3386 2793 0 1933 234 578 1071 3384 2425 2061 3222 1990 2050 1028 84 1734 203 2798 1077 373 1090 2086 2704 19978 222 316 3506 0 417 566 2100 2500 2750 785 194 2427 1790 2898 0 1051 2362 7174 614 76 2100 2699 2376 2842 3351 2880 5859 1591 1082 2668 2176 -1 504 1354 1744 2610 2070 2658 1106 278 2519 1993 2868 962 3603 29236 2414 1239 2739 751 22570 2374 2971 2500 3236 -1 3383 4005 2329 2277 2876 -1
-1 2080 1651 8183 1621 3842 1631 6793 8253 1360 2145 4368 1127 1891 0 1883 1641 1436 2036 3122 2640 1893 241 2630 2134 1975 215 2055 1132 1373 1778 1437 2053 2670 20960 2113 1884 3473 1891 2199 1612 1692 1390 2858 2107 2015 3545 2538 3997 1888 1398 1251 8273 1445 1967 1692 1176 3055 2726 4333 3862 6959 1532 1429 2607 2142 -1 1632 2560 2491 3290 2997 1028 1164 1853 3198 903 2835 2069 2389 29202 2818 1978 2170 1403 23552 1264 1573 1390 1888 -1 4366 4982 1218 1167 1661 -1
-1 255 2461 7172 515 3942 544 5781 7242 2458 2245 3452 2781 252 1958 0 534 1105 3372 2442 2084 3211 2016 2073 1094 152 1759 284 2786 1036 328 1085 2153 2771 20045 289 383 3573 252 499 608 2167 2488 2784 821 261 2494 1826 2985 252 1045 2350 7261 656 215 2167 2687 2393 2876 3418 2947 5947 1632 1076 2702 2243 -1 510 1442 1780 2627 2152 2646 1148 295 2536 1951 3008 1029 3591 29303 2449 1322 2806 777 22637 2362 2959 2488 3224 -1 3450 4087 2317 2265 2864 -1
-1 686 2505 7362 10 4286 327 5972 7433 2213 2593 3457 2536 639 1575 482 0 1225 3126 2254 1896 2965 1632 1885 1462 520 1376 545 2541 1083 270 710 2515 3058 20049 776 618 3917 639 695 149 2344 2243 2870 983 742 2588 1988 3176 635 670 2104 7452 561 641 2345 2441 2205 2962 3422 2951 6138 1680 701 2787 2590 -1 451 1633 1942 2440 2233 2401 719 513 2348 1751 3093 1378 3345 29647 2534 1132 3023 699 22641 2117 2713 2243 2978 -1 3455 4025 2071 2020 2619 -1
-1 928 1738 7273 1138 3313 1020 5883 7344 1717 1617 3458 2250 896 1548 1011 1158 0 2840 2518 2247 2679 1605 2237 1198 980 1349 971 2255 291 1063 1577 1525 2271 20051 834 776 2944 896 1185 1084 1444 1855 2083 711 837 2499 1460 3087 893 1538 1761 7363 767 972 1444 2155 2469 2175 3423 2952 6049 780 1569 2000 1614 -1 726 1855 1413 2567 2088 2115 1339 837 2475 1252 2306 1071 2893 28674 1747 1928 2167 804 22643 1830 2427 1855 2692 -1 3456 4031 1785 1734 2332 -1
-1 3471 1969 9440 3184 3836 3066 8049 9510 1815 2462 5624 872 3283 1961 3322 3204 2682 0 4652 4294 163 1960 4283 3391 3366 1987 3485 868 2703 3213 3179 2412 3049 22217 3505 3276 3467 3283 3640 3130 1826 1876 3338 3352 3406 4665 3784 5253 3279 3140 1738 9529 2900 3358 1826 1208 4603 3043 5589 5118 8215 2732 3171 2924 2459 -1 3071 3816 3737 4838 4254 1250 2941 3223 4746 1978 3152 3325 592 29212 4078 3530 1978 2844 24809 1587 429 1876 149 -1 5622 6197 1567 1653 1502 -1
-1 2358 3378 7264 2144 4860 2369 5873 7334 3357 3163 2189 3961 2520 3002 2329 2164 2311 4551 0 571 4390 3059 560 2181 2383 2803 2361 3966 2342 2239 1780 3071 3688 18782 2285 2458 4491 2520 2262 2136 3084 3495 3855 2354 2359 936 3179 3077 2517 1676 3402 7353 2481 2438 3085 3866 190 3744 2154 1683 6039 2696 1795 3625 3160 -1 2370 2034 3133 482 1734 3826 2146 2474 391 2874 3853 2115 4770 30220 3495 1315 3723 2456 21373 3541 4138 3495 4403 -1 2187 2953 3496 3444 4043 -1
-1 2192 3219 7104 1895 4700 2116 5713 7174 3197 3003 2505 3585 2257 2642 2072 1915 2151 4294 687 0 4132 2699 8 2021 2126 2443 2070 3590 2182 1982 1420 2911 3529 19098 2306 2355 4331 2257 1988 1886 2924 3410 3695 2195 2277 1310 3020 2917 2257 1316 3272 7194 2224 2165 2925 3608 620 3585 2471 2000 5879 2536 1436 3465 3000 -1 2113 1874 2973 855 1638 3486 1786 2217 763 2714 3693 1956 4512 30061 3335 967 3564 2199 21690 3284 3880 3410 4146 -1 2503 2990 3239 3187 3786 -1
-1 3308 1807 9277 3021 3725 2903 7886 9347 1653 2351 5461 723 3120 1811 3159 3041 2519 161 4489 4131 0 1810 4120 3228 3204 1838 3322 718 2540 3050 3017 2301 2938 22054 3342 3113 3356 3120 3478 2967 1715 1714 3227 3190 3243 4503 3621 5090 3116 2977 1575 9367 2737 3196 1716 1058 4440 2933 5427 4956 8052 2570 3008 2813 2348 -1 2909 3654 3575 4675 4091 1100 2778 3061 4583 1815 3041 3163 545 29101 3915 3367 1900 2682 24646 1424 280 1714 13 -1 5459 6035 1404 1490 1340 -1
-1 2149 1668 8252 1690 3910 1700 6861 8322 1464 2214 4437 1144 1961 90 1952 1710 1506 2053 3191 2710 1910 0 2699 2203 2044 284 2124 1149 1442 1847 1506 2122 2739 21029 2183 1953 3541 1961 2268 1681 1778 1494 2927 2176 2084 3614 2607 4066 1957 1467 1355 8342 1514 2036 1778 1192 3125 2795 4402 3931 7028 1601 1498 2676 2211 -1 1702 2629 2561 3359 3066 1045 1233 1923 3267 972 2904 2138 2406 29271 2886 2048 2238 1472 23621 1332 1590 1494 1905 -1 4434 5051 1287 1236 1677 -1
-1 2184 3210 7095 1887 4691 2108 5705 7166 3189 2995 2497 3577 2249 2633 2063 1907 2143 4285 679 11 4124 2691 0 2013 2117 2434 2062 3582 2174 1973 1412 2903 3520 19090 2297 2347 4322 2249 1980 1878 2916 3402 3687 2186 2269 1302 3011 2909 2249 1308 3263 7185 2216 2156 2916 3600 612 3576 2462 1991 5871 2527 1427 3457 2992 -1 2104 1866 2965 846 1629 3478 1777 2208 755 2706 3685 1947 4504 30052 3327 958 3555 2190 21682 3276 3872 3402 4137 -1 2495 2982 3230 3179 3777 -1
-1 1105 2252 6696 1561 3734 1442 5305 6766 2231 2123 3244 2926 1186 2244 1337 1580 1185 3505 2303 2033 3344 2301 2023 0 1187 2134 1188 2931 1216 1480 2128 2045 2588 19677 1032 1036 3365 1186 1308 1506 1958 2369 2382 792 1106 2285 1129 2509 1186 2089 2276 6785 1396 1179 1958 2831 2255 2492 3209 2738 5471 1569 2120 2318 2120 -1 1196 1023 1082 2353 1874 2791 1889 1137 2261 1748 2624 277 3407 29094 1888 1766 2597 1458 22428 2314 3092 2369 3357 -1 3242 3817 2331 2288 2997 -1
-1 222 2428 7139 497 3909 415 5748 7209 2384 2213 3420 2707 219 1847 140 517 1072 3297 2424 2066 3136 1904 2055 1062 0 1648 251 2712 1003 311 1067 2121 2738 20012 256 350 3540 219 466 480 2134 2414 2752 789 228 2461 1794 2952 219 1028 2275 7229 527 182 2134 2612 2375 2843 3385 2914 5914 1600 1059 2669 2210 -1 417 1409 1747 2610 2119 2572 1020 192 2518 1919 2975 996 3516 29270 2416 1289 2773 665 22604 2288 2884 2414 3149 -1 3418 4055 2242 2191 2790 -1
-1 1865 1666 8149 1406 3855 1416 6758 8219 1373 2158 4198 1143 1676 199 1667 1426 1221 2051 2907 2425 1909 256 2414 2148 1760 0 1840 1148 1157 1563 1222 2066 2684 20791 1898 1669 3486 1676 1984 1397 1705 1403 2871 1891 1799 3330 2323 3963 1673 1182 1265 8239 1229 1752 1705 1191 2840 2740 4163 3692 6924 1271 1213 2621 2156 -1 1417 2660 2276 3074 2974 1043 948 1638 2983 916 2848 2082 2404 29216 2617 1763 2183 1187 23383 1277 1588 1403 1903 -1 4196 4766 1232 1180 1676 -1
-1 122 2437 6936 552 3919 597 5545 7006 2416 2222 3303 2842 249 2007 352 572 1114 3432 2457 2072 3271 2064 2062 1071 276 1808 0 2847 1096 411 1086 2130 2747 19895 265 335 3550 249 263 634 2143 2549 2793 828 213 2344 1834 2749 249 1047 2410 7026 745 268 2144 2747 2408 2885 3268 2797 5711 1635 1078 2711 2219 -1 571 1206 1787 2412 1916 2707 1156 437 2320 2012 2912 1006 3651 29279 2458 1251 2782 838 22487 2423 3019 2549 3284 -1 3300 3859 2377 2326 2925 -1
-1 2812 1493 8781 2525 3653 2407 7390 8851 1205 2343 4965 5 2624 1093 2663 2545 2023 904 3993 3545 761 1092 3534 2732 2708 1120 2826 0 2044 2554 2341 2226 2866 21558 2846 2617 3284 2624 2982 2471 1536 1235 2974 2694 2747 4007 3125 4594 2620 2302 1096 8871 2241 2700 1537 340 3944 2954 4931 4460 7556 2074 2333 2780 2320 -1 2413 3158 3079 4179 3595 382 2068 2565 4087 1319 2969 2667 1257 29029 3419 2871 1687 2186 24150 1187 440 1235 756 -1 4963 5539 1109 1012 905 -1
-1 1067 1678 7201 1210 3241 1091 5811 7272 1657 1545 3386 2124 1022 1376 1135 1230 180 2715 2445 2175 2553 1433 2165 1153 1106 1177 1109 2129 0 1187 1405 1452 2070 19978 972 914 2872 1022 1323 1156 1384 1795 2097 850 976 2427 1468 3015 1019 1365 1682 7291 720 1098 1385 2030 2396 2189 3351 2880 5977 720 1396 2015 1542 -1 892 1578 1421 2495 2015 1989 1166 963 2403 1202 2234 1087 2934 28602 1761 1756 2107 584 22570 1705 2302 1795 2567 -1 3384 3959 1660 1608 2207 -1
-1 543 2584 7279 315 4286 323 5888 7349 2292 2663 3616 2615 530 1755 339 334 1261 3205 2413 2055 3044 1812 2044 1438 377 1556 461 2620 1162 0 982 2585 3128 20208 633 601 3917 530 611 387 2423 2322 2940 977 604 2747 1982 3092 527 942 2183 7369 640 498 2423 2520 2364 3032 3581 3110 6054 1759 973 2858 2660 -1 530 1549 1936 2598 2264 2480 936 496 2507 1830 3164 1373 3424 29647 2604 1291 3102 778 22800 2196 2792 2322 3057 -1 3613 4192 2150 2099 2697 -1
-1 1260 2607 7428 725 4577 946 6038 7499 2315 2880 3424 2416 1206 1472 1103 745 1505 3228 1870 1388 3067 1529 1378 2030 1156 1273 1138 2420 1441 952 0 2788 3406 20017 1384 1185 4208 1206 1289 716 2546 2345 3423 1550 1309 2489 2556 3242 1202 123 2206 7518 1129 1243 2547 2464 1803 3514 3390 2919 6204 1882 15 3340 2877 -1 1018 1940 2509 2037 2252 2316 616 1080 1946 1853 3570 1946 3447 29938 3087 894 3125 1133 22609 2219 2815 2345 3080 -1 3422 4044 2173 2122 2721 -1
-1 2041 1373 7913 2524 2430 2405 6522 7983 1451 104 4097 2241 2122 2033 2273 2543 1457 2422 3157 2887 2314 2090 2876 1864 2123 2063 2124 2246 1488 2494 2775 0 989 20690 1968 2207 2061 2122 2244 2469 1107 1590 1176 1768 2042 3138 1838 3726 2122 2735 1513 8002 2140 2115 1107 2147 3108 980 4063 3591 6688 1477 2766 806 81 -1 2108 2289 1792 3206 2727 2106 2536 2214 3115 1537 1112 1798 2274 27791 1847 2675 1106 2008 23282 1412 2210 1590 2310 -1 4095 4671 1430 1594 2116 -1
-1 2619 2267 8490 3122 1958 3004 7099 8560 2199 1052 4675 2877 2700 2610 2851 3142 2034 3038 3734 3464 2930 2667 3454 2441 2700 2641 2701 2872 2066 3092 3352 1002 0 21267 2546 2805 2057 2700 2821 3068 2016 2337 1151 2366 2619 3716 2437 4304 2700 3313 2260 8580 2739 2692 2016 2895 3685 577 4640 4169 7266 2055 3344 529 1049 -1 2706 2867 2390 3784 3304 2855 3114 2813 3692 2114 472 2376 2890 28366 2195 3252 1976 2586 23859 2321 2826 2337 2926 -1 4673 5248 2338 2342 2732 -1
-1 19812 20832 24717 19883 20974 20108 23326 24787 20811 20617 18674 21505 19892 20843 20068 19903 19764 22084 18660 18958 21923 20901 18948 19590 19893 20644 19807 21510 19796 19978 19911 20524 21142 0 19739 19912 20197 19892 19634 19874 20538 20949 21270 20072 19812 18425 19596 20531 19892 19807 20856 24807 20220 19886 20538 21410 18666 21198 18640 17428 23493 20149 19926 21319 20614 -1 20109 19488 19549 18530 19414 21370 19992 19983 18438 20328 21306 19663 21986 34663 20513 19195 21177 20195 14983 20893 21671 20949 21936 -1 18672 20871 20911 20868 21577 -1
-1 401 2234 6957 872 3716 781 5567 7028 2213 2019 3226 2902 414 2103 613 891 911 3492 2286 2016 3331 2161 2005 868 491 1904 395 2907 942 731 1406 1927 2545 19819 0 428 3347 414 557 845 1940 2351 2591 626 356 2267 1631 2771 414 1366 2258 7047 860 483 1941 2807 2237 2682 3191 2720 5733 1432 1397 2508 2016 -1 660 1228 1584 2335 1856 2767 1352 499 2244 1730 2709 803 3389 29077 2255 1561 2580 922 22411 2296 3079 2351 3344 -1 3224 3800 2437 2270 2984 -1
-1 330 2399 7225 591 3974 473 5834 7295 2304 2323 3446 2627 290 1804 481 611 920 3217 2506 2348 3056 1861 2338 984 367 1605 345 2632 881 516 1135 2245 2788 20456 363 0 3605 290 608 537 2105 2334 2600 635 260 2487 1640 3039 290 1096 2195 7315 557 359 2105 2532 2457 2691 3411 2940 6000 1441 1127 2517 2320 -1 356 1495 1593 2555 2261 2492 1047 222 2464 1797 2823 900 3436 29335 2264 1527 2828 623 22631 2208 2804 2334 3069 -1 3444 4204 2162 2111 2710 -1
-1 3455 2870 9327 3967 892 3849 7936 9397 2911 2091 5511 3244 3536 3447 3687 3987 2871 3405 4571 4301 3297 3504 4290 3278 3537 3477 3538 3239 2902 3830 4189 2041 2010 20212 3383 3605 0 3536 3658 3913 2640 3049 2923 3434 3456 4552 3741 5140 3536 4149 2972 9416 3558 3529 2640 3262 4522 2349 5477 5005 8102 2891 4180 2300 2088 -1 3556 3703 3694 4620 4141 3222 3950 3666 4529 2951 2243 3212 3257 28705 3749 4089 2294 3422 24696 2798 3193 3049 3293 -1 5509 6085 2778 3072 3099 -1
-1 188 2394 7084 559 3875 502 5693 7154 2373 2179 3386 2793 0 1933 234 578 1071 3384 2425 2061 3222 1990 2050 1028 84 1734 203 2798 1077 373 1090 2086 2704 19978 222 316 3506 0 417 566 2100 2500 2750 785 194 2427 1790 2898 0 1051 2362 7174 614 76 2100 2699 2376 2842 3351 2880 5859 1591 1082 2668 2176 -1 504 1354 1744 2610 2070 2658 1106 278 2519 1993 2868 962 3603 29236 2414 1239 2739 751 22570 2374 2971 2500 3236 -1 3383 4005 2329 2277 2876 -1
-1 393 2595 6746 711 4076 756 5356 6817 2574 2380 3140 3022 521 2166 547 731 1344 3613 2200 1996 3451 2224 1986 1229 548 1967 272 3027 1368 570 1245 2288 2905 19733 495 607 3707 521 0 793 2301 2729 3023 1058 485 2182 2063 2560 521 1206 2591 6836 940 540 2301 2928 2151 2961 3106 2635 5522 1864 1237 2941 2377 -1 830 1123 2017 2250 1753 2887 1315 692 2158 2237 3070 1163 3832 29437 2687 1175 2940 1078 22325 2603 3200 2729 3465 -1 3138 3697 2558 2506 3105 -1
-1 728 2433 7470 335 4213 306 6080 7541 2141 2520 3698 2463 566 1603 473 354 1152 3054 2495 2137 2893 1660 2126 1390 572 1404 653 2468 1011 312 1001 2442 2985 20290 762 545 3844 566 803 0 2272 2170 2797 910 669 2829 1916 3284 563 962 2032 7560 489 642 2272 2369 2446 2889 3663 3192 6246 1607 993 2715 2517 -1 378 1741 1869 2681 2456 2328 784 440 2589 1678 3021 1306 3273 29574 2461 1373 2950 627 22882 2044 2641 2170 2906 -1 3695 4276 1999 1947 2546 -1
-1 2040 479 7912 2438 3053 2320 6521 7982 579 1211 4096 1559 2196 1678 2312 2458 1341 1865 3156 2885 1790 1733 2875 1863 2122 1708 2123 1564 1387 2364 2517 1133 2057 20689 1967 2076 2684 2196 2242 2384 0 717 1992 2012 2138 3137 2345 3725 2193 2478 641 8001 1957 2114 0 1464 3107 1945 4061 3590 6687 1255 2509 1771 1253 -1 2026 2288 2299 3205 2726 1424 2279 2137 3113 1089 2077 1797 1716 28429 2461 2674 991 1820 23281 455 1538 717 1803 -1 4094 4669 472 740 1443 -1
-1 2475 624 8346 2354 3532 2236 6955 8416 335 1805 4530 1275 2453 1431 2492 2374 1776 1837 3590 3320 1676 1528 3309 2297 2536 1461 2557 1280 1821 2383 2349 1610 2434 21123 2402 2446 3163 2453 2677 2300 759 0 2359 2446 2572 3572 2780 4159 2449 2310 329 8436 2070 2528 760 1180 3541 2338 4496 4025 7121 1689 2341 2164 1704 -1 2242 2723 2733 3639 3160 1140 2111 2394 3548 1024 2470 2232 1995 28936 2853 2700 1465 2014 23715 410 1424 0 1690 -1 4528 5104 390 428 1330 -1
-1 2727 2228 8719 2892 2851 2773 7329 8790 2222 1241 4890 3012 2642 2856 2810 2911 2048 3347 3949 3679 3239 2913 3669 2315 2725 2886 2770 3017 2079 2862 3366 1191 1119 21325 2633 2575 2966 2642 2983 2838 1976 2360 0 2136 2636 3931 1889 4533 2638 3327 2284 8809 2509 2717 1976 2917 3900 718 4855 4384 7495 2270 3358 884 1238 -1 2476 3075 1828 3999 3519 2877 3128 2582 3907 2268 1090 2284 3199 28716 1712 3467 2201 2546 24074 2364 3135 2360 3235 -1 4888 5463 2343 2365 3041 -1
-1 802 2279 7200 1011 3780 893 5809 7270 2258 1880 3383 2791 769 2089 884 1031 800 3381 2443 2173 3220 2146 2162 748 852 1890 844 2796 832 936 1579 1802 2345 20145 707 650 3411 769 1058 957 1985 2396 2157 0 711 2425 1234 3014 765 1539 2302 7290 846 844 1985 2696 2394 2249 3349 2878 5975 1321 1570 2075 1877 -1 646 1508 1188 2493 2013 2656 1339 710 2401 1793 2381 716 3434 29141 1821 1930 2708 909 22568 2371 2968 2396 3233 -1 3381 3957 2326 2275 2873 -1
-1 129 2302 7012 690 3783 628 5622 7082 2280 2086 3293 2795 209 1972 361 709 978 3386 2353 2191 3225 2030 2181 935 210 1773 211 2800 1010 503 1221 1994 2612 19886 130 295 3414 209 474 692 2007 2418 2658 693 0 2334 1698 2826 209 1181 2364 7102 725 202 2008 2701 2304 2749 3259 2787 5788 1499 1212 2575 2083 -1 524 1283 1651 2402 1923 2660 1232 404 2311 1797 2776 870 3605 29144 2322 1370 2647 791 22478 2376 2973 2418 3238 -1 3291 3867 2331 2279 2878 -1
-1 2442 3462 7347 2597 4944 2821 5957 7418 3441 3247 1671 4136 2523 3557 2782 2617 2395 4715 982 1334 4553 3614 1323 2265 2524 3358 2437 4140 2426 2692 2510 3155 3772 18556 2369 2542 4575 2523 2264 2588 3168 3579 3939 2438 2443 0 3263 3161 2523 2407 3486 7437 2934 2516 3168 4041 988 3828 1637 1458 6123 2779 2526 3709 3244 -1 2823 2118 3217 804 2120 4000 2706 2613 765 2958 3937 2199 4617 30304 3579 1846 3807 2908 21148 3524 4302 3579 4567 -1 1669 3339 3541 3498 4207 -1
-1 1751 2614 7270 1960 4155 1842 5879 7340 2593 1898 4113 3191 1718 2502 1833 1980 1404 3781 3172 2902 3620 2559 2891 1109 1801 2303 1793 3196 1435 1885 2528 1820 2363 19621 1656 1599 3725 1718 2007 1906 2320 2731 1846 1191 1660 3154 0 3083 1714 2488 2655 7360 1796 1794 2321 3096 3123 2267 4078 3607 6045 1722 2519 2093 1895 -1 1596 1707 167 3222 2742 3056 2288 1659 3130 2177 2399 1118 3769 29455 1089 2635 2748 1858 23297 2676 3368 2731 3633 -1 4110 4686 2693 2685 3274 -1
-1 2768 3909 4502 3117 5390 3161 3111 4572 3887 3694 4110 4582 2938 3901 2953 3136 2841 5161 3169 2899 5000 3958 2889 2466 2936 3934 2689 4587 2873 2976 3104 3601 4219 20702 2750 2970 5021 2938 2524 3164 3615 4026 4386 3015 2852 3151 3089 0 2938 3142 3933 4592 3346 2928 3615 4487 3120 4275 4075 3604 3277 3226 3095 4156 3691 -1 3236 1603 3043 3219 2431 4447 3281 3071 3127 3405 4383 2473 5063 30751 3901 2490 4254 3472 23294 3970 4748 4026 5013 -1 4107 4374 3987 3945 4653 -1
-1 188 2394 7084 559 3875 502 5693 7154 2373 2179 3386 2793 0 1933 234 578 1071 3384 2425 2061 3222 1990 2050 1028 84 1734 203 2798 1077 373 1090 2086 2704 19978 222 316 3506 0 417 566 2100 2500 2750 785 194 2427 1790 2898 0 1051 2362 7174 614 76 2100 2699 2376 2842 3351 2880 5859 1591 1082 2668 2176 -1 504 1354 1744 2610 2070 2658 1106 278 2519 1993 2868 962 3603 29236 2414 1239 2739 751 22570 2374 2971 2500 3236 -1 3383 4005 2329 2277 2876 -1
-1 1206 2553 7446 671 4522 892 6055 7516 2261 2826 3362 2361 1152 1417 1048 691 1451 3174 1807 1326 3013 1474 1315 1975 1102 1218 1084 2366 1387 898 113 2733 3351 19955 1330 1131 4153 1152 1234 662 2492 2290 3368 1496 1255 2427 2501 3260 1148 0 2152 7536 1074 1188 2492 2409 1741 3460 3327 2856 6222 1828 129 3286 2823 -1 963 1957 2454 1975 2271 2262 561 1025 1883 1798 3515 1891 3393 29883 3032 931 3070 1079 22546 2164 2761 2290 3026 -1 3360 3990 2119 2067 2666 -1
-1 2350 506 8222 2201 3414 2083 6831 8292 218 1610 4406 1122 2328 1286 2339 2221 1616 1679 3466 3196 1518 1285 3185 2173 2411 1313 2530 1127 1640 2230 2196 1493 2317 20999 2409 2321 3045 2328 2657 2147 636 248 2241 2286 2412 3447 2690 4035 2324 2157 0 8311 1917 2404 637 1027 3417 2221 4372 3900 6997 1570 2188 2047 1587 -1 2088 2598 2643 3515 3036 987 1958 2268 3424 782 2353 2107 1898 28819 2736 2547 1348 1889 23591 391 1266 248 1531 -1 4404 4980 371 186 1171 -1
-1 7043 8184 91 7392 9665 7436 1517 48 8162 7969 8385 8857 7213 8176 7228 7411 7116 9436 7444 7174 9275 8233 7164 6741 7211 8209 6964 8862 7148 7251 7379 7876 8494 24977 7025 7245 9296 7213 6799 7439 7890 8301 8661 7290 7127 7426 7364 4513 7213 7417 8208 0 7621 7203 7890 8762 7395 8550 8350 7879 1320 7501 7370 8431 7966 -1 7511 5878 7318 7494 6706 8722 7556 7346 7402 7680 8658 6748 9338 35026 8176 6765 8529 7747 27569 8245 9023 8301 9288 -1 8382 8649 8262 8220 8928 -1
-1 778 2216 7642 606 3864 487 6252 7713 1972 2249 3775 2295 589 1435 529 625 803 2885 2573 2214 2724 1492 2204 1330 673 1235 794 2300 661 581 1099 2171 2714 20727 811 582 3495 589 967 551 1922 2002 2526 811 713 2907 1817 3456 586 1059 1863 7732 0 665 1923 2200 2524 2617 3741 3269 6418 1258 1090 2443 2246 -1 287 1913 1770 2758 2551 2160 859 500 2666 1510 2749 1226 3104 29225 2190 1451 2645 138 22960 1875 2472 2002 2737 -1 3773 4343 1830 1779 2377 -1
-1 407 2620 7271 547 4094 458 5880 7341 2427 2397 3604 2750 278 1890 191 567 1134 3340 2474 2116 3179 1947 2106 1246 40 1691 379 2755 1065 361 1117 2305 3001 20197 441 428 3725 278 610 522 2326 2457 2813 850 401 2809 1856 3084 274 1078 2318 7360 570 0 2326 2655 2426 2905 3570 3099 6046 1661 1109 2731 2394 -1 460 1541 1809 2660 2240 2615 1063 234 2568 1981 3037 1181 3559 29455 2478 1353 3049 708 22789 2331 2927 2457 3192 -1 3602 4177 2285 2234 2833 -1
-1 2041 479 7912 2439 3053 2320 6521 7982 579 1211 4096 1559 2197 1678 2312 2458 1342 1865 3156 2886 1790 1734 2875 1863 2122 1709 2123 1564 1387 2364 2518 1133 2057 20689 1968 2077 2684 2197 2243 2384 0 718 1993 2012 2138 3138 2346 3725 2193 2478 641 8002 1957 2114 0 1464 3107 1945 4062 3591 6687 1255 2509 1771 1254 -1 2027 2289 2299 3205 2726 1424 2279 2137 3114 1089 2077 1798 1717 28429 2461 2674 991 1821 23281 455 1538 718 1803 -1 4094 4670 473 740 1443 -1
-1 2719 1400 8687 2432 3660 2313 7296 8757 1111 2249 4872 341 2530 1074 2569 2451 1930 1250 3900 3541 1107 1074 3531 2638 2614 1101 2733 346 1951 2461 2323 2132 2873 21464 2752 2523 3291 2530 2888 2377 1443 1141 2880 2600 2654 3913 3032 4501 2527 2284 1002 8777 2147 2606 1443 0 3851 2860 4837 4366 7462 1980 2315 2686 2226 -1 2319 3064 2985 4085 3501 280 2050 2471 3993 1226 2992 2573 1603 29035 3326 2778 1694 2092 24056 1094 787 1141 1102 -1 4869 5445 1015 918 767 -1
-1 2394 3414 7299 2180 4895 2405 5909 7370 3393 3199 2209 3996 2556 3037 2365 2200 2347 4587 196 607 4426 3095 596 2217 2419 2838 2397 4001 2378 2275 1816 3107 3724 18801 2321 2494 4526 2556 2298 2171 3120 3531 3891 2390 2395 973 3215 3113 2553 1712 3438 7389 2517 2474 3120 3902 0 3780 2174 1703 6075 2731 1831 3661 3196 -1 2406 2070 3169 518 1770 3861 2181 2510 426 2910 3889 2151 4806 30256 3531 1351 3759 2492 21393 3577 4174 3531 4439 -1 2207 2989 3532 3480 4079 -1
-1 2682 2181 8554 3024 2287 2906 7163 8624 2218 1056 4738 3007 2774 2674 2943 3044 2098 3061 3798 3528 2953 2731 3517 2493 2764 2704 2765 2895 2129 2995 3416 1006 555 21331 2609 2707 2402 2774 2885 2970 1929 2356 701 2269 2769 3779 2339 4367 2771 3376 2279 8643 2641 2756 1929 2913 3749 0 4704 4232 7329 2118 3407 320 1053 -1 2609 2930 2292 3847 3368 2872 3177 2715 3756 2178 526 2461 2913 28430 2097 3316 2040 2678 23923 2301 2849 2356 2949 -1 4736 5312 2318 2360 2754 -1
-1 3341 4361 8247 3413 5843 3637 6856 8317 4340 4146 92 5035 3422 4373 3597 3432 3294 5614 2189 2488 5453 4430 2477 3164 3423 4174 3336 5040 3325 3507 3440 4054 4671 18731 3269 3441 5474 3422 3163 3404 4067 4478 4838 3338 3342 1609 4162 4060 3422 3336 4385 8336 3750 3415 4068 4940 2195 4727 0 1434 7022 3679 3455 4608 4143 -1 3638 3017 4116 2151 2943 4900 3522 3512 2111 3857 4836 3098 5516 31203 4478 2725 4706 3724 21323 4423 5201 4478 5466 -1 89 4401 4440 4397 5106 -1
-1 2936 3956 7841 3008 5438 3232 6451 7912 3935 3741 1501 4630 3017 3968 3192 3027 2889 5209 1784 2083 5047 4025 2072 2759 3018 3769 2931 4634 2920 3102 3035 3649 4266 17606 2863 3036 5069 3017 2758 2999 3662 4073 4433 2932 2937 1677 3757 3655 3017 2931 3980 7931 3344 3010 3662 4535 1790 4322 1467 0 6617 3273 3050 4203 3738 -1 3233 2612 3711 1654 2538 4494 3116 3107 1562 3452 4431 2693 5111 30798 4073 2320 4301 3319 20198 4018 4796 4073 5061 -1 1499 3996 4035 3992 4701 -1
-1 5723 6864 1225 6072 8345 6117 198 1295 6843 6649 7065 7538 5894 6856 5908 6092 5797 8117 6125 5855 7955 6913 5844 5422 5891 6889 5644 7542 5828 5931 6059 6557 7174 23658 5705 5925 7977 5894 5479 6119 6570 6981 7341 5971 5808 6106 6045 3193 5894 6097 6888 1314 6301 5883 6570 7443 6076 7230 7030 6559 0 6181 6051 7111 6646 -1 6191 4559 5998 6174 5386 7402 6237 6026 6083 6360 7339 5428 8019 33706 6857 5445 7209 6427 26250 6926 7704 6981 7969 -1 7063 7330 6943 6900 7609 -1
-1 1555 1526 7604 1764 3262 1646 6213 7674 1505 1566 3789 2161 1522 1536 1638 1784 668 2751 2848 2578 2590 1593 2568 1555 1606 1273 1597 2166 713 1690 1843 1474 2091 20381 1460 1402 2893 1522 1811 1710 1232 1643 2258 1338 1464 2830 1767 3418 1519 1804 1566 7694 1283 1598 1232 2066 2799 2147 3754 3283 6380 0 1835 2028 1563 -1 1352 1981 1720 2898 2418 2026 1605 1463 2806 1040 2256 1490 2681 28623 2061 2194 1955 1147 22973 1587 2338 1643 2603 -1 3786 4362 1605 1580 2244 -1
-1 1245 2592 7413 710 4561 931 6022 7483 2300 2865 3433 2400 1191 1456 1087 730 1490 3213 1878 1397 3052 1514 1386 2014 1141 1257 1123 2405 1426 937 8 2773 3390 20025 1369 1170 4192 1191 1273 701 2531 2330 3407 1535 1294 2497 2540 3227 1187 132 2191 7503 1113 1228 2531 2448 1812 3499 3398 2927 6189 1867 0 3325 2862 -1 1003 1924 2494 2046 2237 2301 601 1065 1954 1838 3555 1930 3432 29922 3072 879 3109 1118 22617 2203 2800 2330 3065 -1 3431 4029 2158 2106 2705 -1
-1 2638 1959 8392 2803 2232 2684 7002 8463 1996 834 4577 2786 2553 2512 2721 2823 1959 2899 3636 3366 2792 2569 3356 2271 2636 2543 2681 2791 1990 2773 3277 784 483 21385 2544 2486 2331 2553 2723 2749 1707 2134 869 2047 2547 3618 2117 4206 2549 3238 2058 8482 2420 2628 1707 2691 3588 295 4542 4071 7168 1957 3269 0 831 -1 2387 2769 2071 3686 3207 2651 3039 2493 3594 2050 427 2239 2751 28269 1876 3155 1792 2457 23761 2079 2688 2134 2788 -1 4575 5150 2097 2139 2593 -1
-1 2101 1472 7972 2591 2488 2473 6581 8042 1551 0 4157 2341 2181 2092 2333 2611 1516 2479 3216 2946 2371 2149 2935 2059 2182 2122 2183 2345 1547 2561 2834 86 1046 20749 2028 2274 2119 2181 2303 2537 1216 1689 1233 1836 2101 3198 1906 3786 2181 2795 1612 8062 2208 2174 1217 2246 3167 1038 4122 3651 6747 1537 2826 864 0 -1 2175 2349 1859 3266 2786 2205 2596 2282 3174 1596 1170 1858 2331 27848 1914 2734 1180 2068 23341 1521 2268 1689 2367 -1 4154 4730 1539 1694 2173 -1
1 -1 -1 -1 -1 -1 -1 -1 -1 -1 -1 -1 -1 -1 -1 -1 -1 -1 -1 -1 -1 -1 -1 -1 -1 -1 -1 -1 -1 -1 -1 -1 -1 -1 -1 -1 -1 -1 -1 -1 -1 -1 -1 -1 -1 -1 -1 -1 -1 -1 -1 -1 -1 -1 -1 -1 -1 -1 -1 -1 -1 -1 -1 -1 -1 -1 0 -1 -1 -1 -1 -1 -1 -1 -1 -1 -1 -1 -1 -1 -1 -1 -1 -1 -1 -1 -1 -1 -1 -1 -1 -1 -1 -1 -1 -1 -1
-1 527 2273 7412 550 3848 432 6022 7483 2146 2179 3614 2469 339 1646 486 570 794 3059 2539 2181 2898 1703 2170 1112 422 1447 541 2474 723 538 1065 2101 2644 20497 561 332 3479 339 756 496 1979 2176 2456 581 462 2873 1587 3226 335 1026 2038 7502 335 415 1979 2374 2490 2548 3579 3108 6188 1315 1057 2374 2177 -1 0 1683 1540 2724 2409 2334 825 280 2633 1639 2680 985 3278 29209 2121 1417 2702 465 22798 2050 2646 2176 2911 -1 3612 4344 2005 1953 2552 -1
-1 1237 2527 5805 1586 4008 1630 4414 5875 2505 2312 3040 3200 1407 2519 1422 1605 1459 3779 2100 1830 3618 2576 1819 1004 1405 2409 1158 3205 1491 1445 1818 2219 2837 19633 1219 1439 3639 1407 1150 1668 2233 2644 3004 1514 1321 2082 1725 1619 1407 1856 2551 5895 1815 1397 2233 3105 2051 2893 3006 2535 4581 1844 1809 2774 2309 -1 1705 0 1678 2149 1459 3065 1995 1540 2058 2023 3001 1003 3681 29369 2537 1204 2872 1941 22225 2588 3366 2644 3631 -1 3038 3403 2605 2563 3271 -1
-1 1737 2600 7256 1946 4150 1828 5865 7326 2579 1884 4099 3177 1704 2488 1819 1966 1390 3767 3158 2888 3606 2545 2877 1095 1787 2289 1779 3182 1421 1871 2514 1806 2349 19607 1642 1585 3711 1704 1993 1892 2306 2717 1841 1177 1646 3140 174 3069 1700 2474 2641 7346 1782 1780 2306 3082 3109 2253 4064 3593 6031 1707 2505 2079 1881 -1 1582 1693 0 3208 2728 3042 2274 1645 3116 2163 2385 1104 3755 29441 1084 2621 2734 1844 23283 2662 3354 2717 3619 -1 4096 4672 2679 2671 3260 -1
-1 2520 3539 7425 2443 5021 2667 6034 7495 3518 3324 2079 4259 2600 3300 2628 2463 2472 4849 563 869 4688 3357 859 2342 2682 3101 2660 4264 2503 2538 2079 3232 3850 18671 2447 2619 4652 2600 2341 2434 3245 3656 4016 2516 2520 756 3341 3238 2600 1975 3563 7514 2780 2593 3246 4164 524 3906 2044 1573 6200 2857 2094 3786 3321 -1 2669 2195 3294 0 2032 4124 2444 2773 100 3035 4014 2277 4694 30382 3656 1613 3884 2755 21263 3601 4436 3656 4701 -1 2076 3252 3795 3575 4342 -1
-1 2067 3030 6654 2248 4511 2430 5263 6724 3009 2815 2967 3703 2195 3022 2191 2268 1963 4282 1861 1660 4121 3079 1649 1833 2092 3009 1946 3708 1994 2244 2222 2723 3340 19559 1937 2110 4142 2195 1772 2239 2736 3147 3507 2006 2011 2008 2831 2467 2195 2260 3054 6743 2585 2084 2736 3609 1812 3396 2932 2461 5429 2347 2214 3277 2812 -1 2474 1493 2785 2046 0 3568 2357 2181 1955 2526 3505 1767 4185 29872 3147 1562 3375 2560 22151 3091 3869 3147 4134 -1 2965 2821 3109 3066 3775 -1
-1 2688 1368 8656 2401 3628 2282 7265 8726 1080 2218 4840 384 2499 1002 2538 2420 1899 1292 3868 3453 1150 1001 3443 2607 2583 1028 2701 389 1920 2429 2250 2101 2842 21433 2721 2492 3259 2499 2857 2346 1411 1110 2849 2569 2622 3882 3000 4469 2496 2211 971 8746 2116 2575 1412 289 3820 2829 4806 4335 7431 1949 2242 2655 2195 -1 2288 3033 2954 4054 3470 0 1977 2440 3962 1194 2961 2542 1645 29004 3294 2747 1663 2061 24025 1063 829 1110 1144 -1 4838 5414 984 887 882 -1
-1 1269 2340 7481 735 4310 769 6090 7551 2048 2613 3530 2090 1081 1146 1021 755 1238 2961 2236 1754 2800 1203 1743 1822 1165 947 1172 2095 1174 917 551 2521 3139 20123 1303 1074 3941 1081 1316 726 2280 2078 3156 1303 1204 2662 2308 3295 1077 511 1939 7571 882 1157 2280 2138 2169 3247 3496 3025 6257 1615 542 3073 2610 -1 771 1992 2262 2403 2306 1990 0 992 2312 1586 3303 1718 3180 29671 2820 1092 2858 853 22715 1952 2548 2078 2813 -1 3528 4099 1907 1855 2454 -1
-1 418 2438 7314 456 4006 337 5923 7384 2306 2354 3616 2628 219 1769 266 475 952 3219 2544 2186 3058 1826 2176 1090 302 1570 440 2633 883 381 1000 2276 2819 20563 452 246 3637 219 635 402 2144 2335 2631 668 348 2657 1674 3127 215 961 2197 7404 450 294 2144 2534 2495 2723 3581 3110 6089 1479 992 2549 2351 -1 340 1584 1627 2730 2288 2493 950 0 2638 1798 2855 1006 3438 29367 2296 1422 2867 588 22800 2209 2806 2335 3071 -1 3613 4224 2164 2112 2711 -1
-1 2420 3440 7325 2343 4921 2568 5934 7395 3418 3224 1979 4160 2500 3200 2528 2363 2372 4750 464 770 4589 3258 759 2242 2582 3001 2560 4164 2404 2438 1979 3132 3750 18571 2347 2520 4552 2500 2242 2334 3146 3557 3917 2416 2420 718 3241 3139 2500 1875 3464 7415 2680 2493 3146 4065 425 3806 1944 1473 6100 2757 1994 3687 3222 -1 2569 2096 3194 92 1933 4024 2345 2673 0 2936 3914 2177 4594 30282 3556 1514 3785 2655 21163 3501 4337 3557 4602 -1 1977 3152 3695 3476 4242 -1
-1 1836 1151 7708 1846 3366 1728 6317 7778 935 1669 3892 1415 1859 907 1972 1866 1148 2005 2952 2682 1844 964 2671 1659 1943 938 1919 1419 1171 1875 1841 1577 2195 20485 1763 1852 2997 1859 2038 1792 1095 965 2281 1818 1944 2933 2141 3521 1856 1802 826 7797 1557 1935 1095 1320 2903 2260 3857 3386 6483 1056 1833 2086 1666 -1 1729 2084 2095 3001 2522 1279 1603 1800 2909 0 2359 1593 2224 28727 2342 2192 1818 1421 23077 995 1592 965 1857 -1 3890 4465 950 838 1497 -1
-1 2755 2253 8626 3097 2167 2978 7235 8696 2290 1128 4811 3080 2847 2746 3015 3117 2170 3133 3870 3600 3025 2803 3589 2565 2836 2776 2837 2967 2201 3067 3488 1078 418 21403 2682 2780 2265 2847 2957 3043 2001 2428 1026 2341 2841 3852 2411 4440 2843 3449 2352 8716 2714 2828 2001 2985 3821 451 4776 4305 7402 2191 3480 393 1125 -1 2681 3003 2365 3920 3440 2945 3250 2787 3828 2250 0 2533 2985 28502 2170 3388 2112 2751 23995 2373 2922 2428 3021 -1 4808 5384 2391 2433 2827 -1
-1 1023 2170 6711 1403 3651 1285 5320 6781 2148 2074 3161 2843 1103 2161 1255 1423 1102 3422 2221 1951 3261 2218 1940 232 1104 2052 1105 2848 1133 1329 1948 1996 2539 19777 950 933 3282 1103 1225 1349 1876 2287 2333 743 1023 2203 1185 2525 1103 1908 2194 6801 1347 1096 1876 2748 2172 2443 3127 2656 5487 1487 1939 2269 2071 -1 1147 1019 1139 2270 1791 2708 1840 1034 2179 1666 2575 0 3324 29012 1840 1763 2515 1410 22346 2231 3009 2287 3274 -1 3159 3735 2248 2206 2914 -1
-1 3688 1967 9387 3401 3719 3283 7996 9457 1895 2345 5571 1215 3500 2304 3538 3421 2899 590 4631 4511 567 2303 4500 3338 3583 2330 3702 1211 2920 3430 3396 2295 2932 22164 3722 3492 3350 3500 3857 3347 1709 1990 3221 3569 3623 4613 3821 5200 3496 3357 1955 9477 3117 3575 1709 1551 4582 2926 5537 5066 8162 2730 3388 2807 2342 -1 3288 3764 3774 4680 4201 1593 3158 3440 4589 2195 3035 3273 0 29094 3956 3747 1861 3061 24756 1667 772 1990 552 -1 5569 6145 1646 1870 1719 -1
-1 29199 28648 35070 29711 29264 29593 33679 35140 28688 27835 31255 29021 29279 29190 29431 29731 28614 29182 30314 30044 29074 29247 30033 29021 29280 29220 29281 29016 28645 29574 29932 27785 28360 34578 29126 29349 28703 29279 29401 29657 28417 28826 28710 29178 29199 30296 29484 30884 29279 29893 28749 35160 29302 29272 28418 29039 30265 28416 31220 30749 33846 28635 29924 28297 27832 -1 29299 29447 29438 30364 29884 28999 29694 29409 30272 28694 28524 28956 29034 0 29493 29832 28071 29166 48976 28575 28971 28826 29070 -1 31252 31828 28555 28849 28876 -1
-1 2387 2709 8089 2552 3855 2434 6699 8160 2714 1966 4525 3476 2302 2794 2470 2572 1708 4055 3584 3314 3894 2851 3303 1845 2386 2608 2430 3481 1740 2522 3026 1888 2148 20549 2293 2235 3719 2302 2644 2498 2442 2853 1694 1796 2296 3566 1113 3903 2298 2987 2776 8179 2169 2378 2442 3381 3535 2052 4490 4019 6865 2026 3018 1878 1963 -1 2136 2527 1051 3634 3154 3341 2788 2243 3542 2298 2184 1813 3890 29449 0 3102 2815 2206 23709 2797 3642 2853 3907 -1 4522 5098 2815 2838 3547 -1
-1 1365 2896 6715 1110 4432 1335 5324 6785 2604 2735 2723 2927 1429 1969 1295 1130 1794 3517 1410 950 3356 2027 940 1791 1345 1770 1243 2931 1730 1205 857 2643 3260 19315 1478 1572 4063 1429 1160 1101 2656 2633 3427 1868 1450 1820 2753 2528 1429 895 2495 6805 1447 1337 2656 2832 1364 3316 2688 2217 5490 2171 849 3197 2732 -1 1336 1226 2706 1599 1519 2791 1113 1440 1507 2141 3425 1790 3736 29792 3067 0 3413 1422 21907 2507 3104 2633 3369 -1 2721 3311 2462 2410 3009 -1
-1 2727 1243 8598 3100 2707 2982 7207 8668 1283 1142 4782 1676 2807 2177 3096 3120 2126 2039 3842 3572 1878 2205 3561 2549 2808 2207 2809 1671 2171 3129 3095 1087 1992 21375 2654 2861 2338 2807 2929 3046 1012 1421 2219 2723 2727 3824 2793 4411 2807 3056 1344 8688 2741 2800 1013 1694 3793 2048 4748 4277 7373 2039 3087 1849 1185 -1 2811 2975 2746 3891 3412 1654 2857 2921 3800 1894 2157 2484 1841 28083 2801 3446 0 2605 23967 1170 1626 1421 1891 -1 4780 5356 1150 1444 1531 -1
-1 875 2079 7694 742 3726 623 6304 7765 1914 2030 3744 2237 687 1377 665 761 665 2827 2541 2183 2666 1434 2172 1448 770 1178 889 2242 524 717 1068 1937 2555 20336 909 679 3357 687 1103 688 1784 1944 2571 929 810 2875 1934 3508 683 1029 1805 7784 136 762 1785 2142 2492 2663 3709 3238 6470 1120 1060 2489 2027 -1 423 2030 1888 2726 2519 2102 830 627 2635 1439 2795 1335 3046 29087 2235 1419 2508 0 22928 1818 2414 1944 2679 -1 3741 4312 1772 1721 2319 -1
-1 22413 23432 27318 22484 24914 22708 25927 27388 23411 23217 21275 24106 22493 23444 22669 22504 22365 24685 21260 21559 24524 23501 21548 22235 22494 23245 22408 24111 22396 22578 22511 23125 23742 15126 22340 22512 24545 22493 22234 22475 23138 23549 23909 22409 22413 21026 23234 23131 22493 22407 23456 27407 22821 22486 23139 24011 21267 23798 21240 20028 26093 22750 22527 23679 23214 -1 22710 22088 23187 21130 22014 23971 22593 22583 21039 22928 23907 22170 24587 49099 23549 21796 23777 22795 0 23494 24272 23549 24537 -1 21273 23472 23511 23468 24177 -1
-1 2460 381 8296 2173 3208 2055 6905 8366 305 1520 4481 1131 2272 1250 2311 2193 1671 1544 3641 3283 1383 1307 3272 2247 2356 1281 2474 1136 1692 2202 2169 1451 2366 21073 2494 2265 2839 2272 2630 2119 474 399 2309 2342 2395 3522 2773 4110 2268 2129 366 8386 1889 2348 475 1036 3592 2288 4446 3975 7071 1639 2160 2114 1563 -1 2061 2673 2727 3590 3110 996 1930 2213 3498 967 2420 2182 1650 28584 2804 2519 1142 1834 23665 0 1131 399 1396 -1 4478 5054 45 466 1036 -1
-1 3043 1542 9012 2756 3601 2638 7621 9082 1388 2227 5196 443 2855 1531 2894 2776 2254 463 4224 3866 320 1531 3855 2963 2939 1558 3057 439 2275 2785 2752 2177 2814 21789 3077 2848 3232 2855 3213 2702 1543 1449 3103 2925 2978 4238 3356 4825 2851 2712 1310 9102 2472 2931 1543 779 4175 2808 5162 4691 7787 2305 2743 2689 2224 -1 2644 3389 3310 4410 3826 820 2513 2796 4318 1550 2917 2898 789 28977 3650 3102 1635 2417 24381 1159 0 1449 315 -1 5194 5770 1139 1225 1075 -1
-1 2475 624 8346 2354 3532 2236 6955 8416 335 1805 4530 1275 2453 1431 2492 2374 1776 1837 3590 3320 1676 1528 3309 2297 2536 1461 2557 1280 1821 2383 2349 1610 2434 21123 2402 2446 3163 2453 2677 2300 759 0 2359 2446 2572 3572 2780 4159 2449 2310 329 8436 2070 2528 760 1180 3541 2338 4496 4025 7121 1689 2341 2164 1704 -1 2242 2723 2733 3639 3160 1140 2111 2394 3548 1024 2470 2232 1995 28936 2853 2700 1465 2014 23715 410 1424 0 1690 -1 4528 5104 390 428 1330 -1
-1 3322 1820 9290 3035 3727 2917 7899 9360 1666 2353 5475 723 3134 1811 3172 3055 2533 147 4503 4145 13 1811 4134 3241 3217 1838 3336 718 2554 3064 3030 2303 2940 22067 3356 3126 3358 3134 3491 2981 1717 1727 3229 3203 3257 4516 3635 5104 3130 2991 1588 9380 2750 3209 1717 1058 4454 2934 5440 4969 8066 2583 3022 2815 2350 -1 2922 3667 3588 4688 4104 1100 2792 3074 4597 1829 3043 3176 532 29102 3929 3381 1914 2695 24659 1438 280 1727 0 -1 5473 6048 1417 1504 1353 -1
-1 -1 -1 -1 -1 -1 -1 -1 -1 -1 -1 -1 -1 -1 -1 -1 -1 -1 -1 -1 -1 -1 -1 -1 -1 -1 -1 -1 -1 -1 -1 -1 -1 -1 -1 -1 -1 -1 -1 -1 -1 -1 -1 -1 -1 -1 -1 -1 -1 -1 -1 -1 -1 -1 -1 -1 -1 -1 -1 -1 -1 -1 -1 -1 -1 -1 -1 -1 -1 -1 -1 -1 -1 -1 -1 -1 -1 -1 -1 -1 -1 -1 -1 -1 -1 -1 -1 -1 -1 -1 -1 -1 -1 -1 -1 -1 -1
-1 3359 4379 8264 3430 5860 3655 6873 8334 4358 4164 2 5052 3439 4390 3615 3450 3311 5631 2206 2505 5470 4448 2495 3181 3440 4191 3354 5057 3343 3525 3458 4071 4689 18749 3286 3459 5491 3439 3181 3421 4085 4496 4856 3355 3359 1627 4180 4078 3439 3354 4403 8354 3767 3432 4085 4957 2213 4745 73 1452 7040 3696 3473 4626 4161 -1 3656 3035 4133 2168 2961 4917 3539 3530 2129 3875 4853 3116 5533 31221 4495 2742 4724 3742 21341 4440 5218 4496 5483 -1 0 4418 4458 4415 5124 -1
-1 3923 4886 8509 3968 6367 4190 7118 8579 4864 4670 4463 5559 4051 4928 4043 3987 3818 6138 3118 3052 5977 4985 3041 3688 4046 4729 3801 5564 3850 4042 3941 4578 5196 21055 3793 3965 5998 4051 3628 3959 4592 5003 5363 3862 3866 3407 4687 4323 4051 3963 4910 8599 4304 4038 4592 5464 3069 5252 4428 3957 7285 4203 3933 5133 4668 -1 4193 3348 4640 3304 2733 5424 4077 4188 3212 4382 5360 3623 6040 31728 5002 3282 5231 4279 23647 4947 5725 5003 5990 -1 4460 0 4964 4922 5630 -1
-1 2416 472 8275 2129 3193 2010 6884 8345 284 1527 4460 1086 2227 1206 2266 2148 1627 1528 3597 3238 1367 1263 3228 2226 2311 1236 2430 1091 1648 2158 2124 1458 2373 21052 2449 2220 2824 2227 2585 2075 481 379 2288 2297 2351 3501 2729 4089 2224 2084 346 8365 1844 2303 482 991 3548 2268 4425 3954 7051 1618 2115 2093 1570 -1 2016 2652 2682 3569 3089 951 1885 2168 3477 923 2399 2161 1635 28569 2783 2475 1127 1789 23644 45 1115 379 1380 -1 4457 5033 0 441 1021 -1
-1 2406 606 8249 2119 3514 2001 6858 8319 318 1710 4433 1040 2218 1196 2256 2139 1643 1651 3587 3229 1490 1253 3218 2200 2301 1226 2420 1044 1666 2148 2114 1593 2417 21026 2436 2210 3145 2218 2575 2065 736 348 2341 2313 2341 3474 2717 4062 2214 2075 209 8338 1835 2293 737 945 3538 2321 4398 3927 7024 1597 2106 2147 1687 -1 2006 2625 2670 3542 3063 904 1876 2158 3451 809 2453 2134 1870 28919 2836 2465 1448 1779 23618 481 1238 348 1503 -1 4431 5007 443 0 1143 -1
-1 2969 1467 8937 2682 3526 2563 7546 9007 1313 2152 5122 900 2780 1713 2819 2701 2180 1519 4150 3791 1358 1712 3781 2888 2864 1739 2983 905 2201 2711 2677 2102 2739 21714 3002 2773 3157 2780 3138 2627 1468 1374 3028 2850 2904 4163 3282 4751 2777 2637 1235 9027 2397 2856 1469 789 4101 2733 5087 4616 7712 2230 2668 2614 2149 -1 2569 3314 3235 4335 3751 890 2438 2721 4243 1476 2842 2823 1738 28902 3576 3028 1560 2342 24306 1084 1106 1374 1371 -1 5119 5695 1064 1151 0 -1
-1 -1 -1 -1 -1 -1 -1 -1 -1 -1 -1 -1 -1 -1 -1 -1 -1 -1 -1 -1 -1 -1 -1 -1 -1 -1 -1 -1 -1 -1 -1 -1 -1 -1 -1 -1 -1 -1 -1 -1 -1 -1 -1 -1 -1 -1 -1 -1 -1 -1 -1 -1 -1 -1 -1 -1 -1 -1 -1 -1 -1 -1 -1 -1 -1 -1 -1 -1 -1 -1 -1 -1 -1 -1 -1 -1 -1 -1 -1 -1 -1 -1 -1 -1 -1 -1 -1 -1 -1 -1 -1 -1 -1 -1 -1 -1 -1
